Keys: ['observation/image', 'observation/wrist_image', 'observation/state', 'prompt']
Sample 'observation/image' type: <class 'numpy.ndarray'>
{'observation/image': array([[[143, 143, 143],
        [145, 145, 145],
        [152, 152, 152],
        ...,
        [108, 106, 102],
        [109, 107, 103],
        [109, 107, 103]],

       [[145, 145, 145],
        [149, 149, 149],
        [151, 151, 151],
        ...,
        [109, 106, 103],
        [109, 107, 103],
        [108, 107, 103]],

       [[146, 146, 146],
        [148, 148, 148],
        [147, 147, 147],
        ...,
        [109, 107, 103],
        [109, 107, 103],
        [108, 106, 102]],

       ...,

       [[199, 182, 166],
        [195, 178, 162],
        [196, 179, 163],
        ...,
        [179, 163, 145],
        [179, 164, 146],
        [179, 163, 145]],

       [[200, 183, 167],
        [195, 178, 162],
        [197, 180, 164],
        ...,
        [180, 164, 146],
        [180, 164, 146],
        [180, 165, 147]],

       [[198, 181, 165],
        [195, 178, 162],
        [198, 181, 165],
        ...,
        [180, 164, 146],
        [180, 164, 146],
        [180, 165, 146]]], dtype=uint8),
 'observation/state': array([-0.5215775 ,  0.68937017,  0.91052947, -1.71446515,  2.09888567,
        0.29084519,  0.0090993 , -0.0086866 ]),
 'observation/wrist_image': array([[[135, 128, 121],
        [134, 127, 121],
        [135, 128, 121],
        ...,
        [169, 154, 137],
        [168, 153, 137],
        [168, 153, 136]],

       [[136, 129, 122],
        [136, 129, 123],
        [136, 129, 123],
        ...,
        [169, 154, 137],
        [168, 153, 137],
        [167, 152, 136]],

       [[133, 126, 119],
        [135, 128, 121],
        [137, 130, 123],
        ...,
        [169, 154, 137],
        [168, 153, 137],
        [167, 152, 136]],

       ...,

       [[ 26,  26,  26],
        [ 26,  26,  26],
        [ 26,  26,  26],
        ...,
        [ 26,  26,  26],
        [ 26,  26,  26],
        [ 26,  26,  26]],

       [[ 27,  27,  27],
        [ 27,  27,  27],
        [ 27,  27,  27],
        ...,
        [ 27,  27,  27],
        [ 27,  27,  27],
        [ 27,  27,  27]],

       [[ 27,  27,  27],
        [ 27,  27,  27],
        [ 27,  27,  27],
        ...,
        [ 27,  27,  27],
        [ 27,  27,  27],
        [ 27,  27,  27]]], dtype=uint8),
 'prompt': 'pick up the black bowl between the plate and the ramekin and place '
           'it on the plate'}